--------------------
Maio 2016
--------------------
Gasolina
93 4.072 0.223 3.93 4.51
189 3.792 0.146 3.499 4.142
45 3.63 0.107 3.47 3.99
195 3.586 0.384 3.37 4.65
1007 3.842 0.145 3.269 4.299
618 3.859 0.112 3.6 4.4
102 3.71 0.062 3.59 3.899
351 3.667 0.141 3.39 3.99
620 3.841 0.122 3.399 4.12
370 3.588 0.177 3.279 3.99
414 3.686 0.185 3.33 4.14
246 3.541 0.199 3.279 3.9
1785 3.69 0.164 3.288 4.079
349 3.962 0.212 3.67 4.59
177 3.679 0.168 3.39 3.999
1081 3.637 0.131 3.339 4.125
602 3.78 0.14 3.46 4.18
189 3.745 0.107 3.489 3.979
1248 3.923 0.171 3.49 4.89
180 3.875 0.051 3.729 3.98
1133 3.901 0.167 3.519 4.425
206 3.903 0.146 3.649 4.34
27 3.911 0.038 3.84 3.979
733 3.506 0.159 3.17 4.074
4877 3.495 0.146 3.047 3.999
117 3.733 0.075 3.599 3.979
120 3.916 0.091 3.6 4.069
Álcool
58 3.385 0.249 3.15 3.99
168 3.312 0.173 2.9 3.799
3 3.633 0.075 3.59 3.72
101 3.381 0.154 3.1 3.85
980 3.03 0.206 2.449 3.699
552 3.268 0.103 2.89 3.61
100 3.229 0.204 2.879 3.55
242 3.2 0.229 2.39 3.79
651 2.704 0.188 2.099 3.27
198 3.301 0.164 2.999 3.799
417 2.557 0.208 2.239 3.26
246 2.817 0.181 2.499 3.299
1843 2.537 0.206 2.088 3.279
126 3.577 0.181 3.099 4.135
164 3.098 0.167 2.799 3.69
1086 2.627 0.152 2.199 3.099
527 3.013 0.14 2.669 3.59
125 3.056 0.183 2.99 3.6
1205 3.165 0.271 2.56 3.89
168 3.287 0.081 3.1 3.559
805 3.556 0.26 2.889 4.296
123 3.488 0.146 3.29 3.97
10 3.71 0.039 3.65 3.79
593 3.11 0.203 2.59 3.694
4934 2.279 0.215 1.597 3.499
87 3.211 0.117 2.999 3.499
123 3.268 0.2 2.89 3.59
Diesel
86 3.597 0.189 3.48 3.98
164 3.023 0.074 2.849 3.31
51 3.579 0.097 3.28 3.95
112 3.173 0.226 2.89 3.69
755 2.982 0.12 2.759 3.489
269 3.192 0.061 3.009 3.299
48 3.187 0.107 2.92 3.299
268 2.976 0.095 2.73 3.25
546 3.017 0.101 2.759 3.428
264 3.055 0.091 2.84 3.299
251 3.267 0.153 3.07 3.599
162 3.275 0.107 2.99 3.56
1351 2.998 0.093 2.67 3.34
270 3.269 0.109 3.02 3.51
132 3.004 0.087 2.799 3.29
686 2.866 0.095 2.539 3.164
226 3.03 0.094 2.79 3.279
135 3.124 0.045 3.05 3.2
715 3.071 0.13 2.699 3.622
156 3.116 0.073 2.99 3.359
764 2.975 0.131 2.69 3.43
200 3.301 0.068 3.139 3.48
25 3.254 0.044 3.15 3.359
412 2.94 0.099 2.69 3.199
2865 2.923 0.1 2.64 3.319
69 2.997 0.084 2.88 3.139
92 3.06 0.116 2.859 3.48
--------------------
Abril 2016
--------------------
Gasolina
124 4.074 0.221 3.93 4.51
251 3.807 0.138 3.459 4.097
58 3.639 0.08 3.47 3.89
263 3.773 0.303 3.49 4.65
1345 3.79 0.174 3.33 4.299
812 3.947 0.092 3.599 4.4
136 3.826 0.047 3.69 3.899
471 3.675 0.138 3.29 3.99
833 3.905 0.103 3.499 4.17
492 3.602 0.17 3.339 3.99
552 3.716 0.181 3.39 4.14
328 3.571 0.218 3.279 3.999
2385 3.74 0.145 3.29 4.14
467 3.974 0.212 3.65 4.59
236 3.717 0.138 3.399 3.999
1436 3.673 0.129 3.349 4.125
797 3.737 0.174 3.44 4.18
252 3.744 0.114 3.54 4.07
1668 3.948 0.162 3.49 4.89
237 3.902 0.033 3.78 3.96
1509 3.934 0.158 3.579 4.31
275 3.932 0.128 3.699 4.41
36 3.941 0.04 3.84 3.99
974 3.538 0.149 3.229 3.998
6492 3.538 0.14 3.059 3.999
156 3.77 0.076 3.579 3.979
158 3.935 0.093 3.6 4.06
Álcool
71 3.372 0.243 3.15 3.99
223 3.412 0.176 2.9 3.95
2 3.59 0 3.59 3.59
141 3.456 0.113 3.34 3.85
1304 3.133 0.16 2.659 3.699
736 3.304 0.093 2.97 3.69
134 3.473 0.07 3.18 3.56
328 3.406 0.136 2.87 3.79
867 2.913 0.16 2.35 3.33
252 3.371 0.136 3 3.6
556 2.63 0.231 2.38 3.26
328 3 0.179 2.539 3.449
2464 2.824 0.203 2.25 3.299
155 3.618 0.16 3.39 4.135
224 3.155 0.155 2.89 3.659
1448 2.799 0.144 2.38 3.26
710 3.061 0.118 2.799 3.59
148 3.346 0.141 2.99 3.6
1618 3.381 0.268 2.689 4.059
221 3.337 0.113 3.059 3.6
1060 3.703 0.2 2.798 4.296
159 3.506 0.147 3.15 3.97
9 3.719 0.054 3.65 3.79
833 3.257 0.149 2.699 3.694
6572 2.555 0.217 1.859 3.399
112 3.271 0.129 2.846 3.459
164 3.378 0.13 2.99 3.59
Diesel
118 3.592 0.195 3.46 3.98
204 3.024 0.084 2.849 3.31
70 3.568 0.079 3.29 3.75
173 3.2 0.212 3.05 3.69
1025 2.983 0.123 2.69 3.489
363 3.223 0.062 2.969 3.31
72 3.234 0.089 2.94 3.299
363 2.976 0.092 2.73 3.25
705 3.023 0.108 2.79 3.399
377 3.078 0.095 2.84 3.399
345 3.271 0.146 3.07 3.599
232 3.261 0.116 2.99 3.56
1802 3.003 0.091 2.67 3.34
354 3.269 0.118 2.89 3.55
162 2.984 0.093 2.77 3.29
914 2.866 0.093 2.649 3.164
305 3.019 0.089 2.79 3.2
168 3.149 0.057 3.039 3.299
1006 3.063 0.133 2.699 3.628
210 3.149 0.065 2.99 3.359
988 2.968 0.129 2.67 3.43
267 3.306 0.072 3.139 3.48
30 3.253 0.044 3.15 3.359
526 2.96 0.098 2.699 3.19
3878 2.921 0.099 2.64 3.319
90 2.998 0.087 2.88 3.199
123 3.05 0.093 2.859 3.48
--------------------
Março 2016
--------------------
Gasolina
145 4.075 0.208 3.92 4.51
288 3.812 0.123 3.55 4.097
85 3.608 0.102 3.409 3.99
330 3.862 0.269 3.48 4.65
1612 3.786 0.149 3.46 4.299
1021 3.942 0.073 3.7 4.259
170 3.935 0.043 3.85 3.99
556 3.676 0.132 3.4 3.99
1041 3.921 0.102 3.59 4.17
617 3.606 0.171 3.249 3.99
638 3.743 0.159 3.419 4.14
359 3.567 0.222 3.219 3.999
2767 3.748 0.144 3.419 4.2
533 3.975 0.21 3.65 4.59
294 3.714 0.138 3.549 4.09
1701 3.677 0.134 3.349 4.03
868 3.729 0.178 3.37 4.629
297 3.736 0.119 3.299 4.07
2032 3.93 0.153 3.549 4.84
297 3.889 0.047 3.75 3.999
1854 3.936 0.159 3.499 4.4
316 3.915 0.095 3.74 4.41
45 3.938 0.047 3.84 3.999
1175 3.533 0.146 3.179 4.031
7029 3.567 0.138 3.19 4.299
172 3.779 0.077 3.539 3.979
192 3.949 0.099 3.6 4.09
Álcool
86 3.271 0.197 3.09 3.89
256 3.414 0.179 2.94 3.95
5 3.34 0.405 2.9 3.72
177 3.445 0.149 3.15 3.85
1558 3.205 0.149 2.689 3.699
923 3.223 0.137 2.999 3.69
170 3.484 0.048 3.29 3.569
396 3.321 0.142 2.97 3.79
1085 2.964 0.115 2.629 3.29
248 3.301 0.142 2.9 3.6
642 2.689 0.208 2.379 3.26
359 3.03 0.149 2.739 3.449
2847 2.955 0.118 2.599 3.3
170 3.534 0.176 3.29 4.1
272 3.099 0.162 2.779 3.55
1730 2.866 0.122 2.379 3.26
766 3.049 0.127 2.799 3.59
186 3.337 0.115 3.129 3.6
1993 3.429 0.23 2.89 3.98
271 3.215 0.158 3.01 3.6
1319 3.7 0.187 3.16 4.296
163 3.345 0.197 2.949 3.97
18 3.687 0.047 3.59 3.79
953 3.233 0.14 2.799 3.72
7120 2.735 0.134 2.259 3.899
120 3.233 0.15 2.85 3.399
196 3.39 0.116 3.15 3.59
Diesel
137 3.593 0.185 3.46 3.98
241 3.026 0.077 2.849 3.399
85 3.523 0.102 3.25 3.95
198 3.177 0.229 2.89 3.69
1225 2.99 0.122 2.779 3.489
457 3.14 0.102 2.999 3.399
130 3.264 0.072 3.05 3.82
426 2.976 0.091 2.78 3.19
921 3.019 0.107 2.81 3.399
431 3.055 0.098 2.84 3.399
373 3.274 0.138 3.07 3.59
253 3.252 0.107 3.077 3.5
2102 3.006 0.087 2.769 3.303
393 3.27 0.119 2.89 3.51
205 2.995 0.087 2.77 3.29
1079 2.877 0.095 2.649 3.213
326 3.023 0.093 2.79 3.279
168 3.204 0.074 3.04 3.399
1199 3.017 0.122 2.699 3.628
264 3.136 0.081 2.99 3.299
1204 2.968 0.126 2.669 3.43
321 3.313 0.074 3.12 3.49
43 3.243 0.042 3.15 3.359
650 2.956 0.097 2.729 3.199
4134 2.924 0.099 2.499 3.319
104 3.005 0.092 2.88 3.199
150 3.054 0.083 2.88 3.48
--------------------
Fevereiro 2016
--------------------
Gasolina
132 4.074 0.147 3.92 4.37
279 3.75 0.17 3.39 4.13
57 3.631 0.089 3.47 3.85
264 3.823 0.305 3.42 4.53
1424 3.79 0.155 3.425 4.25
814 3.87 0.047 3.779 4.049
136 3.967 0.018 3.88 3.98
510 3.677 0.131 3.47 3.99
838 3.853 0.098 3.569 4.09
498 3.595 0.175 3.249 3.99
605 3.764 0.161 3.439 4.14
379 3.556 0.225 3.219 3.995
2630 3.741 0.132 3.419 4.14
516 3.961 0.207 3.65 4.59
238 3.708 0.124 3.49 4.099
1512 3.641 0.139 3.349 4.016
930 3.716 0.179 3.37 4.199
270 3.75 0.103 3.55 3.979
1693 3.899 0.151 3.549 4.799
240 3.825 0.071 3.679 3.94
1553 3.92 0.155 3.4 4.48
272 3.929 0.066 3.82 4.24
36 3.886 0.041 3.84 3.979
1020 3.522 0.154 3.179 4.031
7563 3.544 0.133 3.109 4.199
179 3.77 0.095 3.55 3.979
168 3.92 0.118 3.5 4.06
Álcool
67 3.253 0.217 2.99 3.899
250 3.184 0.204 2.849 4.1
144 3.367 0.189 3.08 3.85
1364 3.097 0.194 2.61 3.69
738 3.095 0.094 2.96 3.59
136 3.386 0.057 3.19 3.499
367 3.247 0.155 2.89 3.69
869 2.868 0.124 2.53 3.27
192 3.214 0.15 2.9 3.6
609 2.726 0.203 2.499 3.26
379 2.944 0.161 2.68 3.392
2707 2.907 0.13 2.528 3.35
183 3.462 0.153 3.29 4.1
222 2.993 0.189 2.49 3.499
1534 2.778 0.125 2.379 3.29
809 2.987 0.149 2.699 3.59
161 3.219 0.098 2.99 3.5
1663 3.363 0.221 2.849 3.899
216 3.106 0.119 2.89 3.559
1111 3.598 0.168 2.999 4.296
162 3.298 0.17 2.99 3.69
15 3.68 0.059 3.59 3.76
830 3.153 0.152 2.799 3.76
7669 2.682 0.141 2.199 3.299
123 3.121 0.142 2.789 3.399
169 3.253 0.167 2.9 3.59
193 2.933 0.106 2.58 3.24
Diesel
122 3.583 0.179 3.427 3.9
231 2.998 0.089 2.84 3.31
82 3.445 0.153 3.13 3.69
161 3.194 0.217 2.92 3.67
1115 2.993 0.119 2.77 3.39
369 3.131 0.094 3.01 3.329
112 3.267 0.034 3.19 3.299
397 2.973 0.092 2.79 3.25
730 3.016 0.104 2.81 3.399
353 3.051 0.092 2.79 3.39
376 3.277 0.139 3.09 3.59
262 3.236 0.117 2.99 3.439
2023 3.003 0.089 2.779 3.29
393 3.258 0.12 2.89 3.51
166 2.992 0.091 2.699 3.29
994 2.871 0.093 2.649 3.213
339 3.028 0.095 2.79 3.279
161 3.192 0.07 2.98 3.399
1012 3.009 0.128 2.499 3.522
208 3.059 0.055 2.95 3.29
991 2.951 0.121 2.69 3.428
292 3.318 0.074 3.16 3.499
36 3.214 0.046 3.15 3.309
574 2.96 0.104 2.699 3.338
4592 2.925 0.097 2.639 3.248
102 3.01 0.084 2.9 3.139
132 3.041 0.104 2.859 3.48
--------------------
Janeiro 2016
--------------------
Gasolina
124 4.085 0.146 3.92 4.46
250 3.782 0.145 3.51 4.14
50 3.552 0.08 3.37 3.69
262 3.598 0.367 3.42 4.53
1338 3.745 0.137 3.425 4.28
817 3.874 0.048 3.57 4.039
136 3.919 0.086 3.76 3.98
470 3.68 0.126 3.49 3.99
837 3.704 0.12 3.419 3.99
498 3.58 0.169 3.249 3.99
552 3.773 0.137 3.4 4.14
326 3.571 0.208 3.259 3.999
2421 3.707 0.129 3.419 4.06
470 3.931 0.204 3.55 4.59
237 3.685 0.129 3.24 3.929
1428 3.613 0.129 3.25 4.016
803 3.72 0.167 3.399 4.199
252 3.689 0.137 3.459 3.979
1656 3.869 0.155 3.499 4.799
239 3.74 0.041 3.43 3.82
1512 3.899 0.185 3.29 4.299
264 3.875 0.092 3.48 4.24
36 3.861 0.07 3.5 3.94
978 3.501 0.146 3.179 3.861
6487 3.52 0.13 3.149 3.959
156 3.718 0.097 3.549 3.979
162 3.8 0.123 3.5 3.99
Álcool
62 3.21 0.15 2.9 3.6
230 3.095 0.177 2.679 3.6
131 3.242 0.204 2.95 3.85
1293 2.909 0.153 2.58 3.56
740 3.069 0.075 2.76 3.4
136 3.331 0.06 3.15 3.399
349 3.174 0.162 2.79 3.69
868 2.687 0.153 2.35 3.19
233 3.215 0.148 2.8 3.59
556 2.734 0.164 2.46 3.26
328 2.822 0.169 2.568 3.293
2473 2.781 0.133 2.459 3.299
158 3.402 0.167 3.16 3.955
226 2.813 0.155 2.488 3.259
1448 2.707 0.119 2.299 3.09
712 2.859 0.161 2.519 3.499
155 3.183 0.121 2.99 3.45
1630 3.242 0.213 2.699 3.799
220 3.03 0.072 2.87 3.199
1083 3.479 0.223 2.89 3.94
147 3.159 0.194 2.89 3.61
17 3.628 0.036 3.59 3.68
801 3.067 0.136 2.769 3.72
6571 2.601 0.138 2.179 3.158
111 2.992 0.111 2.75 3.209
164 3.05 0.156 2.81 3.5
193 2.933 0.106 2.58 3.24
Diesel
118 3.587 0.172 3.46 3.95
208 2.975 0.083 2.84 3.3
73 3.197 0.089 2.99 3.325
173 3.176 0.22 2.89 3.67
1024 2.984 0.12 2.699 3.389
375 3.157 0.058 2.999 3.31
110 3.231 0.068 3.069 3.299
368 2.967 0.096 2.79 3.35
732 3.002 0.1 2.79 3.399
353 3.033 0.105 2.689 3.39
330 3.266 0.133 2.93 3.59
219 3.198 0.119 2.889 3.42
1813 2.992 0.086 2.769 3.239
348 3.242 0.12 2.89 3.51
165 2.955 0.087 2.779 3.22
941 2.861 0.093 2.649 3.213
316 3.006 0.092 2.7 3.279
158 3.168 0.07 2.98 3.249
986 2.989 0.127 2.659 3.492
208 3.034 0.065 2.88 3.249
963 2.94 0.12 2.65 3.39
272 3.308 0.064 3.12 3.45
36 3.199 0.045 3.15 3.28
534 2.954 0.104 2.699 3.338
3918 2.919 0.098 2.46 3.239
93 3.002 0.085 2.869 3.269
127 2.986 0.077 2.8 3.15
--------------------
Dezembro 2015
--------------------
Gasolina
145 4.093 0.135 3.92 4.46
281 3.758 0.105 3.54 3.999
48 3.549 0.079 3.37 3.65
272 3.723 0.323 3.49 4.65
1470 3.787 0.122 3.489 4.299
947 3.86 0.058 3.59 3.999
170 3.77 0.012 3.73 3.789
550 3.626 0.152 3.39 3.99
1022 3.647 0.114 3.37 3.899
528 3.535 0.163 3.239 3.99
679 3.723 0.15 3.34 4.1
357 3.571 0.18 3.189 3.94
2458 3.662 0.128 3.215 3.999
454 3.846 0.217 3.53 4.48
288 3.458 0.159 3.199 3.98
1536 3.59 0.124 3.25 3.961
824 3.67 0.187 3.299 4.199
310 3.576 0.11 3.35 3.96
1826 3.838 0.152 3.439 4.719
301 3.719 0.048 3.46 3.82
1556 3.631 0.15 3.199 4.05
316 3.819 0.107 3.5 4.23
45 3.873 0.037 3.79 3.94
1132 3.503 0.137 3.149 3.998
6629 3.507 0.14 3.079 4.199
171 3.617 0.1 3.389 3.869
192 3.689 0.126 3.2 3.959
Álcool
74 3.182 0.209 2.85 3.79
256 3.022 0.193 2.679 3.499
8 3.1 0.214 2.9 3.3
126 3.18 0.207 2.95 3.85
1429 2.874 0.128 2.46 3.499
853 3.043 0.069 2.76 3.27
170 3.091 0.129 2.88 3.26
415 3.12 0.166 2.69 3.59
1057 2.6 0.156 2.33 3.27
230 3.081 0.176 2.599 3.449
685 2.614 0.159 2.249 3
358 2.74 0.173 2.499 3.139
2504 2.708 0.124 2.39 3.199
139 3.318 0.168 2.999 3.755
265 2.71 0.18 2.48 3.199
1550 2.653 0.106 2.299 3.03
729 2.801 0.177 2.429 3.295
193 3.185 0.107 2.96 3.45
1798 3.19 0.2 2.699 3.749
271 2.997 0.066 2.8 3.099
1148 3.178 0.163 2.82 3.78
187 3.016 0.156 2.69 3.559
13 3.557 0.117 3.33 3.65
944 3.01 0.122 2.609 3.427
6690 2.555 0.13 2.13 3.699
124 2.934 0.117 2.6 3.129
193 2.933 0.106 2.58 3.24
Diesel
135 3.588 0.172 3.4 3.95
233 2.945 0.08 2.799 3.24
72 3.188 0.089 3.04 3.29
165 3.161 0.235 2.89 3.67
1105 2.978 0.123 2.66 3.489
402 3.147 0.053 2.859 3.27
132 3.125 0.03 2.96 3.159
409 2.946 0.094 2.79 3.25
889 2.99 0.094 2.78 3.29
346 2.979 0.087 2.699 3.179
409 3.248 0.125 3.059 3.59
258 3.06 0.095 2.78 3.24
1850 2.977 0.085 2.569 3.239
326 3.191 0.115 2.89 3.47
202 2.924 0.074 2.699 3.15
969 2.851 0.088 2.599 3.164
303 2.966 0.105 2.7 3.279
219 3.117 0.066 2.97 3.249
1102 2.984 0.121 2.659 3.492
263 3.024 0.068 2.88 3.24
915 2.933 0.131 2.65 3.369
319 3.285 0.074 3.08 3.45
45 3.202 0.044 3.15 3.28
617 2.936 0.099 2.699 3.399
3810 2.912 0.1 2.489 3.299
92 2.94 0.083 2.849 3.119
156 2.982 0.092 2.8 3.42