5 33 61 92 120 148 179 207 235 266 294 322 353 381 409 440 468 496
6 34 62 93 121 149 180 208 236 267 295 323 354 382 410 441 469 497
7 35 63 94 122 150 181 209 237 268 296 324 355 383 411 442 470 498
8 36 64 95 123 151 182 210 238 269 297 325 356 384 412 443 471 499
9 37 65 96 124 152 183 211 239 270 298 326 357 385 413 444 472 500
10 38 66 97 125 153 184 212 240 271 299 327 358 386 414 445 473 501
11 39 67 98 126 154 185 213 241 272 300 328 359 387 415 446 474 502
12 40 68 99 127 155 186 214 242 273 301 329 360 388 416 447 475 503
13 41 69 100 128 156 187 215 243 274 302 330 361 389 417 448 476 504
14 42 70 101 129 157 188 216 244 275 303 331 362 390 418 449 477 505
15 43 71 102 130 158 189 217 245 276 304 332 363 391 419 450 478 506
16 44 72 103 131 159 190 218 246 277 305 333 364 392 420 451 479 507
17 45 73 104 132 160 191 219 247 278 306 334 365 393 421 452 480 508
18 46 74 105 133 161 192 220 248 279 307 335 366 394 422 453 481 509
19 47 75 106 134 162 193 221 249 280 308 336 367 395 423 454 482 510
20 48 76 107 135 163 194 222 250 281 309 337 368 396 424 455 483 511
21 49 77 108 136 164 195 223 251 282 310 338 369 397 425 456 484 512
22 50 78 109 137 165 196 224 252 283 311 339 370 398 426 457 485 513
23 51 79 110 138 166 197 225 253 284 312 340 371 399 427 458 486 514
24 52 80 111 139 167 198 226 254 285 313 341 372 400 428 459 487 515
25 53 81 112 140 168 199 227 255 286 314 342 373 401 429 460 488 516
26 54 82 113 141 169 200 228 256 287 315 343 374 402 430 461 489 517
27 55 83 114 142 170 201 229 257 288 316 344 375 403 431 462 490 518
28 56 84 115 143 171 202 230 258 289 317 345 376 404 432 463 491 519
29 57 85 116 144 172 203 231 259 290 318 346 377 405 433 464 492 520
30 58 86 117 145 173 204 232 260 291 319 347 378 406 434 465 493 521
31 59 87 118 146 174 205 233 261 292 320 348 379 407 435 466 494 522